0.21477 1
0.35081 1
0.37539 1
0.48967 1
0.73649 1
0.20431 0
0.32397 0
0.19145 0
0.25497 0
0.2597 0
0.63637 1
0.73936 1
0.77906 1
0.77761 1
0.51548 1
0.71457 0
0.22611 0
0.50937 0
0.37707 0
0.37662 0
0.30347 1
0.79732 1
0.5987 1
0.74399 1
0.38136 1
0.36458 0
0.75103 0
0.23055 0
0.24406 0
0.2634 0
0.72518 1
0.58375 1
0.72809 1
0.55143 1
0.71573 1
0.41076 0
0.69858 0
0.23717 0
0.48973 0
0.63905 0
0.36207 1
0.6976 1
0.60361 1
0.72641 1
0.74594 1
0.20286 0
0.46115 0
0.54087 0
0.3543 0
0.42564 0
0.62456 1
0.59331 1
0.25579 1
0.63233 1
0.81849 1
0.84581 0
0.30193 0
0.55219 0
0.20089 0
0.75884 0
0.7619 1
0.73109 1
0.69906 1
0.28584 1
0.75527 1
0.23693 0
0.25537 0
0.22846 0
0.60848 0
0.24444 0
0.74315 1
0.56797 1
0.71393 1
0.76606 1
0.77407 1
0.27277 0
0.54355 0
0.45179 0
0.27812 0
0.24019 0
0.19136 1
0.26526 1
0.78579 1
0.7487 1
0.4811 1
0.48329 0
0.36085 0
0.72743 0
0.46498 0
0.26526 0
0.28011 1
0.2486 1
0.64488 1
0.5394 1
0.73707 1
0.32475 0
0.77578 0
0.22517 0
0.1732 0
0.59854 0
