0.004 0
0.01 0
0.388 0
0.996 1
0.144 0
0.006 0
1 1
0.248 0
0.918 1
0.992 1
0.982 1
0.008 0
0.016 0
0.014 0
0.118 0
1 1
0.002 0
0.994 1
0 0
1 1
0.99 1
0 0
0.004 0
0.066 0
1 1
0.996 1
0.018 0
0.144 0
0.6 1
0.006 0
0.986 1
0.872 1
0.044 0
0.984 1
0.004 0
0.03 0
0.27 1
0.998 1
0.992 1
0.81 1
0.006 0
0.686 0
0.998 1
0.834 0
1 1
0.006 0
0.21 0
1 1
0.03 0
0.002 0
0.846 1
0.002 0
0.888 1
0.992 1
0.974 1
0 0
1 1
0.142 0
0.998 1
0.39 1
0.02 0
0.73 0
1 1
0.98 1
0 0
0 0
1 1
0.998 1
0 0
0.894 0
1 1
0 0
0 0
1 1
1 1
0.006 0
0.002 0
1 1
0.004 0
0.06 0
0 0
0.994 1
0.98 1
0.102 0
0.978 1
0.008 0
0.988 1
0 0
1 1
0.994 1
0.352 1
0.994 1
0.002 0
0.98 1
0.972 1
1 1
0 0
0.822 1
0 0
0.17 1
0.98 1
0.996 1
0.006 0
0.322 0
0.01 0
1 1
0.064 0
0.766 0
0.002 0
0.99 1
0.674 1
0.182 0
0.13 0
0.046 0
0 0
1 1
0.002 0
0 0
0.98 1
0.136 0
0.296 0
0.9 1
0.022 0
0 0
0.794 1
0.932 1
0.052 0
0.982 1
0.952 1
0.97 1
0.908 1
0.192 1
0 0
0.008 0
0.446 0
0.998 1
0 0
0.992 1
0 0
0.99 1
0.068 0
0.332 0
1 1
0 0
0 0
0.664 1
0.04 0
1 1
0.994 1
0.914 1
0.008 0
0.02 0
0 0
1 1
0.968 1
0 0
0.998 1
1 1
0 0
0.248 0
0.994 1
0.678 0
0.416 0
0.994 1
1 1
0.04 1
0 0
0.014 0
0.002 0
0.416 1
0.002 0
0.002 0
0.994 1
0.962 1
0.002 0
0.95 1
0 0
0.006 0
0.004 0
0.986 1
1 1
0.018 0
0.996 1
0.528 0
0.944 1
1 1
0.996 1
0.004 0
0.006 0
0.016 0
0.002 0
0.136 1
0 0
0.004 0
0.962 1
0.898 1
0.984 1
0.002 0
0.072 0
1 1
0 0
0.972 1
0.002 0
0.526 0
0.002 0
0 0
0.998 1
0.972 1
0.604 0
0 0
0.988 1
0.004 0
0.968 1
0.246 1
0.168 1
0.002 0
0.204 0
0.96 1
0.094 1
0.994 1
0 0
0.986 1
0.006 0
1 1
0.132 0
0.002 0
0.986 1
0.804 1
0.978 1
0.998 1
0.278 0
0.004 0
1 1
0 0
0.984 1
0.132 0
0.002 0
0.932 1
0 0
0.004 0
0.068 0
0.998 1
0.25 0
0.982 1
0.998 1
0.852 1
0.956 1
1 1
1 1
0.004 0
0.238 0
0.006 0
0.976 1
0.838 1
0.006 0
0.994 1
0.994 1
0.964 1
0.988 1
0 0
0.978 1
0.006 0
0.254 1
0.018 0
0.068 0
1 1
0.998 1
0.2 0
0.002 0
0 0
0.918 1
0.068 0
0.982 1
1 1
0.268 0
0.174 1
0.912 0
0.988 1
0.204 0
0.006 0
0 0
0.996 1
0.128 0
0.99 1
0 0
1 1
0.998 1
1 1
0 0
0.004 0
0.97 1
0 0
0.824 0
0.988 1
0.25 1
0 0
0.008 0
0 0
0.034 0
1 1
0.94 1
0.922 1
0.104 0
0.138 0
0.992 1
0.002 0
0 0
0.944 1
0.008 0
0.016 0
0.324 0
0.994 1
0.844 1
1 1
0.016 0
0.99 1
0.996 1
0.992 1
0.98 1
0.996 1
0 0
1 1
0.994 1
0.774 0
0.08 0
0.002 0
1 1
0.99 1
0.976 1
0.004 0
0.998 1
0.002 0
0.006 0
0.97 1
0.994 1
0.982 1
0.018 0
0 0
0.006 0
1 1
0.994 1
0.174 1
0 0
0.98 1
0.026 0
0 0
0.18 0
0.008 0
0.988 1
0.962 1
0.998 1
0.004 0
0.96 1
0.98 1
0 0
0.994 1
0 0
0.112 0
0.97 1
0.88 1
0.988 1
0.014 0
0.998 1
0.986 1
0.994 1
0.994 1
0.018 0
0.686 0
0.238 1
0.086 0
0.892 1
1 1
0.984 1
0.038 0
0.012 0
0.022 0
0.042 0
1 1
0.022 0
0.748 0
0 0
0.99 1
0.708 0
0.014 0
0.992 1
0.996 1
0.012 0
0 0
0.672 0
0.056 0
0.99 1
0 0
0 0
1 1
0.696 1
0.984 1
0.002 0
0.986 1
0.998 1
0.004 0
